00001111
0110000000000001
0100000010001111
0001000000000000
0100000010001110
0100000010001101
0001000000000000
0100000010001100
0111000010001111
0100000010001011
0101000010001110
1001000000011001
0101000010001101
1001000000011001
0101000010001011
1001000000010110
0101000010001110
0011000010001100
0100000010001110
0101000010001011
0111000010001111
0100000010001011
1000000000001101
0101000010001110
0010000000000000
0000000000000000
0101000001010001
0111000001010001
0010000000000000
0000000000000000