00001111
0110000000000000
0100000010001111
0110000000000001
0100000010001110
0001000000000000
0100000010001101
0001000000000000
0100000010001100
0101000010001101
1001000000011010
0101000010001100
1001000000011010
0101000010001101
1010000000001111
1000000000010110
0101000010001101
0111000010001100
0100000010001101
0101000010001111
0011000010001110
0100000010001111
1000000000001100
0101000010001111
0111000010001110
0010000000000000
0000000000000000
0101000010001111
0010000000000000
0000000000000000